0,503
585,58
585,57
585,56
585,55
585,54
585,53
585,52
585,51
585,50
585,49
585,48
585,47
585,46
585,45
585,44
585,43
585,42
585,41
585,40
585,39
585,38
585,37
585,36
585,35
8,5
8,1
204,3
189,1
8,7
189,3
8,2
184,1
8,3
184,3
0,447
184,2
183,4
183,1
183,3
12,2
153,3
12,1
153,2
12,3
153,1
153,0
148,1
148,5
146,6
146,1
146,5
135,1
135,3
102,4
102,1
102,3
102,2
101,8
101,7
101,1
101,0
75,1
75,4
67,5
67,4
67,1
67,3
66,1
66,4
63,3
63,2
63,1
63,0
61,4
61,1
61,3
61,2
59,1
59,4
53,1
20,2
53,3
20,1
50,5
50,4
50,1
50,3
20,3
50,2
48,4
48,1
48,3
46,13
46,12
46,10
46,3
46,2
46,1
19,2
19,1
44,6
19,3
44,5
44,1
44,4
44,2
43,1
43,3
32,6
32,5
32,1
32,4
31,1
31,3
30,6
30,1
30,3
14,76
14,75
14,74
14,73
14,72
14,71
14,70
14,69
14,68
14,67
14,66
14,65
14,64
14,36
14,35
14,16
14,15
18,1
14,7
18,3
14,6
14,5
13,4
13,2
14,1
13,0
0,574
0,542
14,12
0,510
0,508
14,3
0,507
13,1
13,5
0,506
13,3
0,504
0,486
0,417
0,416
0,412
0,411
0,410
0,409
0,408
0,401
0,398
0,397
0,395
0,393
0,391
0,390
0,389
0,388
0,384
0,383
0,382
0,381
0,380
0,377
0,374
2,2
0,373
2,1
0,372
2,3
0,371
0,315
0,313
0,312
0,302
0,283
0,243
0,0
585,34
585,33
585,32
585,31
585,30
585,29
585,28
585,27
585,26
585,25
585,24
585,23
585,22
585,21
585,20
585,19
585,18
585,17
585,16
585,15
585,14
585,13
585,12
585,11
585,10
585,9
585,8
585,7
585,6
585,5
585,4
585,3
585,2
585,0
0,532
0,521
0,519
0,518
0,514
0,348
0,527
0,523
0,276
0,531
0,528
0,275
0,314
0,272
0,317
0,271
0,385
0,12
0,446
0,10
0,322
0,8
0,555
0,452
0,268
0,499
0,451
0,267
0,500
0,450
0,266
0,533
0,449
0,265
0,553
0,448
0,264
0,552
0,445
0,263
0,366
0,444
0,262
0,360
0,443
0,261
0,338
0,442
0,260
0,487
0,441
0,259
0,376
0,440
0,258
0,501
0,439
0,257
0,332
0,438
0,256
0,455
0,437
0,255
0,541
0,436
0,254
0,352
0,435
0,253
0,498
0,434
0,252
0,516
0,433
0,251
0,342
0,432
0,250
0,497
0,431
0,249
0,318
0,430
0,248
0,349
0,429
0,247
0,496
0,428
0,246
0,512
0,427
0,245
0,387
0,481
0,244
0,495
0,426
0,242
0,480
0,241
204,1
232,5
8,15
232,1
237,4
237,1
247,1
445,6
9,3
470,0
9,2
470,2
470,3
470,4
9,1
471,0
471,1
471,2
471,4
471,6
472,0
472,1
11,2
11,20
11,1
472,4
473,0
11,18
473,2
473,3
